8165752
14569926
3767076
15353339
2278086
9212326
11684913
231995
2939267
13627562
2230384
8285292
7154741
1285944
10343047
13657793
4654515
4206420
8850944
6610095
15413502
16175073
8854824
7207123
5868632
11760123
15172836
2559018
3890759
6229173
1236683
9751316
13463975
6702739
5888347
4933103
515922
8949450
16494878
7532915
11588505
2130951
1282099
5405800
7240657
6907112
16733850
14934550
5440328
9388204
15067401
9916468
15171410
1793733
3043612
11049516
12170977
14260981
9919481
5861152
7643802
10656646
13662054
10162771
10591940
14303433
11445420
3767153
970576
6259366
12730200
8678271
11460592
13124450
12701767
9234774
6669776
6825963
15592980
14340870
15572309
16717610
13399861
12496329
12274826
7210147
12815053
1368527
2740524
4038786
10350405
13318067
4497338
14911948
3263605
12070968
9191154
15130578
2676253
11139477
14833632
12933201
13436436
10485173
3685910
16265437
14866303
706436
3861723
15001100
13652214
16720066
12158218
10429125
5899858
5733068
15358701
9043900
8601458
16382248
3535806
16625559
5931767
7383551
11288215
16773527
14974603
9557025
14656562
5966825
5733601
13029816
5569446
16263581
6805532
9115515
14499629
8349787
14541030
15599598
3945283
11460714
11272915
15900191
15841990
7852151
3225941
12665101
7400558
6864544
7772343
6485560
7421891
8573913
8284215
5852081
1073593
4755105
2123886
763482
13957767
12244998
7731151
587086
10839711
4707267
2367756
15287505
15274895
1561313
5947581
7554954
247388
16554406
9769874
3080606
16315186
3915566
1284310
10386326
16178574
15464408
10318070
15681828
9718694
2186764
4301085
8789592
8978328
4169594
7276242
16210717
9382922
11127239
11705568
6614444
13760517
3756556
8063116
2823904
9082469
2162698
3243892
5846161
6825946
2710029
1633828
8835962
16497248
16374455
16716175
7788923
4808244
4917144
2743671
7528379
14683573
8450171
3486386
11333548
10263292
14798007
13856278
1784747
8651532
9406305
4771501
1927638
4614691
13819519
13099919
5259908
9115460
4597103
4924076
10258894
554287
1587651
1914181
3953079
3953893
7036071
6447318
3987105
6834314
13144935
5203623
9764616
4605109
2830697
4728043
7454685
11737431
14947864
9555456
14165324
13011501
1567623
14254055
9478728
8296503
8247436
1569679
2618584
532938
9323540
14984236
14262247
14126307
15446259
12561971
346665
7692021
3584843
12545817
2206352
14816729
6517706
3739225
3330779
13000323
12198776
7352482
9649629
15267614
6931900
3507064
4587108
11643516
16088920
10429656
11768517
2581070
16478650
5141446
6184386
10568506
6124502
12654306
14980269
5444082
7384567
11286895
10807940
15608193
14175888
8034393
4230458
13594981
12837874
8987646
13546322
10607791
4924439
8199062
9656750
11524651
12413253
5552196
14918009
7341970
8608332
13767386
9439778
1879834
991313
3404908
16674944
12242454
14439634
12188124
1640549
11095337
12071302
6543733
9078372
10605904
9458418
1303209
10375624
16738632
2357097
16639715
12263533
12007190
8622062
9683557
5041322
12288532
9294089
9212104
12009025
15210925
9791519
15486422
6328338
15174612
2480133
13108210
13949492
2923454
5940950
4634950
14053654
9628800
9072863
509821
15094622
535581
13644393
7938727
16668521
14630224
7886268
11138671
5534611
11680895
14421324
13881479
16742358
13112972
1578300
3336123
1192114
9405898
3544252
2737087
12525808
2976278
12257446
8398401
3223149
16370699
657100
6315365
13108177
2334840
16547320
1545775
14097160
341938
13314895
14814715
905242
8965082
9583654
4296794
15484704
7532858
9010319
10954317
6027302
11195320
14131486
4102120
11095558
9352136
9985580
13497869
7192464
8092599
13001416
13310450
9587128
9994983
12046882
5924755
4404226
3577717
14120356
11231847
910087
8034053
8564053
11353038
5791094
8821934
8897855
629997
14652403
3664825
9604756
3534042
15454415
3544209
4015140
15815658
8038350
14131835
15289471
13111614
2612485
2436262
13066866
8612747
12511783
1876976
15806524
1695036
7194810
15587099
2896837
10949101
7899928
16093523
15049830
13046604
11207549
13273563
358055
14256444
4228343
732969
10289439
8804385
9489297
7060287
12994855
12061670
14664954
9763280
6410168
291402
1414769
7518921
16097223
10901181
11763170
16419856
672221
3768536
10127354
12678059
11177334
6266930
8413474
16705342
8628633
2336797
3436902
5506705
15996082
12513123
11468975
15500310
14516554
13309664
5713665
8976242
3576717
12116294
8343784
7756515
2491325
1350181
5097680
14216148
845237
15988128
16656301
13420824
9664144
10107114
5339136
9807197
4264244
4290826
3648316
9134565
4004380
11568351
16621668
16712707
1031185
11013314
14608584
4738815
12268528
5337243
5565145
5794496
2802295
11249785
7159915
6745632
8051261
10915642
15596227
9756971
2756254
14663146
260475
8638301
13633562
14198008
9352850
7388093
6311184
15524204
1648572
925699
9376796
6775720
4966522
1733691
11878787
12191289
3346331
1434873
10085402
9965978
15915584
5876484
12802542
6289580
2256095
2043737
12790433
3976421
4922463
3738041
6006535
5917747
9987315
11316568
8297443
2941067
12510798
3796744
9738964
5336619
13271874
11247885
15227318
13423738
3451712
879355
12375933
12057186
16769985
5529155
5756778
1934566
3349530
4006578
12710412
8243589
11183405
1505257
13051892
10936561
11017459
11547087
3888706
15957289
10084866
3390779
10160737
2978856
15086063
659333
13464117
3115185
6866116
1478217
8919523
9687494
2766003
13622427
8976857
254417
577949
3729131
15878277
4283456
5865808
2838332
10316842
368357
10892507
6080202
13319381
14309138
1922780
3518717
2821404
14800082
13683555
1987730
9587845
685134
8578463
9245413
15155453
11207103
13086621
7684589
6791007
11748069
12874239
8649437
565121
11681101
7953126
10194274
14780291
14878243
10817821
6315369
1977869
16466587
8380695
13321909
16076124
8295011
15978827
11253236
11598468
5125061
13332780
13791708
5869353
10473073
10395200
16351131
15780149
4960806
5315474
592954
12182936
9858195
7265870
12005330
897560
4952588
3335220
3247902
9551961
2183612
6923102
10036145
15557390
14814247
7625669
2232891
8347401
13169891
3758097
16560217
7554623
8706663
1335643
6121515
16084087
16761847
10423993
1226301
11470162
15542659
13452006
14038682
7607198
13193069
5899662
15316656
8833964
8827887
9844879
16130865
9791301
11903207
2265305
13531803
11682635
5486196
14298249
7648739
3188401
2864364
12609905
14211243
4493708
8698406
4974178
2918587
16141147
14324529
4283203
11868378
14324324
4221693
13305440
902329
6020358
12055660
5537092
12047024
1260123
12246466
9421556
7258857
281400
9947179
16611722
12841751
1204431
6603667
3346384
9498695
11271273
3752115
6355428
7132693
14302678
5903542
11778993
14338706
5432554
5525083
5049010
9375833
10592319
2537470
16066395
7467940
3066080
15574881
15479636
3646443
6965765
5805937
3505641
1044587
8146505
2727096
6430961
15002332
4324032
4288119
7588837
11481133
832883
6754246
10948075
8946258
10451292
14248270
9566276
8024090
3665874
12705943
8490436
4714456
14378917
10643699
16611280
8681184
5070489
6758259
7279311
563765
3462133
16542282
9541892
8223565
6472726
10301535
13918301
16187074
9524876
7875252
2718706
1200292
4121640
713346
11807191
12241798
1577440
3780577
16396078
13609662
4846018
14172390
3365996
13481473
8791673
11719684
8716384
11891599
7944432
6329750
3145402
9799159
11277453
11166517
1627257
344885
12285499
572305
15675192
1760032
7216912
8958518
13193493
16487202
12451300
2191251
10655642
14136346
7081296
15917660
8898086
2571395
13252314
11850536
1812764
3452014
15901154
10895826
8920167
4602241
1900253
3983629
11739875
673550
11192053
9003764
3379876
13334642
4345527
9254236
12042577
9857573
6539724
2400514
14535014
9951133
1107702
6782832
492172
7565461
9635958
9819107
6980114
1185706
3272468
5895956
14920213
9692413
4206206
7139379
14126079
4242009
10306174
15069666
2792100
6953384
9012929
13450331
8429463
5593753
2009178
4495714
15842092
483386
10355208
11050734
6577415
2822825
9200774
3438039
190783
13214591
9460638
14177802
6965651
12123207
11170225
1099065
15104177
9409843
8142476
6300397
1145875
1883812
4539906
4694371
12086709
7438619
6518691
3317902
3190438
11629861
13845809
3857371
15432778
4531797
6691331
5969761
16294190
3735956
16446598
10176837
7234882
10598199
5571913
10136596
4529554
2692061
894630
3471863
10127020
14307220
1865240
410229
9798758
7985399
2795160
3838112
2286324
9490629
3420948
9034045
364018
285195
14150387
2526092
3637113
11739741
1606175
13467401
5234992
400512
8063900
6350968
10078454
9655761
12212949
3099693
15878091
1346301
11638278
15339128
4041079
5905151
1721635
4786341
1612708
8722186
11595096
9657570
3942708
10900200
5372929
15683807
8261620
11852382
5612907
4071878
14274844
5397891
1918475
1124254
6172049
15844995
3062030
2821608
1872724
4849394
2260775
8777383
5619545
11151586
12852592
3964850
3193723
5138444
6227927
11451263
1835369
7696597
1443376
11219501
12342792
14880132
13056117
846065
10857229
16432357
10006247
12255331
8166267
2328733
6066164
565658
14541066
4504511
4305069
8683842
3881403
3193772
2334556
11725622
12632899
14869768
7719802
1852257
9032559
1565798
14920876
357860
400978
11531691
8166609
15819704
14727823
6628660
667976
15670828
184078
1241787
11861663
8854974
16435465
6577794
11415978
9219061
9214875
12631422
11844291
2737894
7030716
1372251
15005043
4580394
16165639
13400781
10543389
14117631
6033819
207915
1237143
16744018
3037699
964439
2056089
979563
6393407
16309770
8656842
1243848
2814147
12208616
13270312
9068210
16759992
1664106
13054930
12300770
11056019
12090450
7965183
1260899
6378726
3492990
9474294
16433072
16575782
6028045
6256927
7599302
3015465
11229504
14205239
6663073
7792441
12284727
15870080
196954
3993521
10435179
9458030
14407347
8866694
8363521
8380120
3055253
335934
6359108
2386701
185994
4463774
15122477
5502814
14002416
3657873
4577430
5694892
5500680
6118321
4021178
251269
6671016
2988912
7434423
1119486
1628091
15173074
4520281
7343110
14497855
14433137
2832363
4000117
5760463
11622594
3442366
2434105
8348980
4835429
2563350
7148331
6131403
13223120
12308095
1287195
13249773
2859948
14688770
10559550
7275461
4560596
2688380
381689
4452173
9749313
7712290
8718686
11493470
13646555
3428757
13848091
7803901
964804
10660393
7735455
7115823
16252295
3638429
442481
8407761
5156694
9942361
14708814
6211823
6055858
8392273
9503128
7517017
7186567
15500505
14237930
13800198
1488226
3432268
6062647
14014733
12942895
11775221
5469944
16758226
15400603
14589612
8273166
11085074
4627576
13611947
1102545
4304976
9334287
16165752
7103919
2034202
3212518
16014163
3372573
6070893
6412107
14477922
180043
11780693
9042081
7443397
5045289
8545975
13378403
10901517
12773245
1571567
9872864
10907615
15772612
2029482
876704
13549411
13759095
10697756
13197743
7855290
2558660
3040087
14010191
3787556
13006744
5521452
8803549
3057523
6780140
6532001
15317811
4911426
827051
5816217
14684273
5938661
11166047
15400134
14071452
13561388
7004144
9599904
5782359
16467497
8436543
5676923
13443529
4697500
2882087
12092496
2128041
13223998
6167473
13170509
6053507
10032653
8725424
15850119
3130185
13579440
3329261
6207882
5293461
13644656
3321115
5480948
11979061
11686562
11093894
3626084
13302047
5944636
9907473
12130935
937535
14585614
13849750
10893725
13026389
7379831
5758733
4230133
5983124
8685209
8464636
9595740
15451829
13977041
1843147
9843474
9789127
12972770
5154644
16139655
10313284
12181361
648149
5574857
6105277
13271951
4095959
6687042
8628692
10967438
11511328
9912936
6126136
5200664
12066515
2763747
13046251
10866282
2596394
16136935
12294485
4163206
16401379
11326983
5672014
5651933
11931253
4250129
15239374
7132958
5420427
11557648
3851202
10230772
12004823
2355590
15009591
13763652
15978107
13810889
2192136
10756560
3575694
7555846
11663906
584577
16292617
16550492
9607084
6371423
8519542
7583498
2434646
7349234
11396899
4035946
5023393
7416840
1870173
1969701
13399034
7203348
8648281
12194677
6136397
4530149
4707281
4154151
16288506
6400057
15182133
8834389
7395062
10710697
2889831
14149501
1462636
8327046
10521728
2423303
10885175
4574927
9426130
1717963
14664527
10343639
10991789
14044535
15703926
16328496
3527110
15852100
16234590
16233579
2588945
16490392
12787948
559249
4214286
5121964
3635795
7560869
13876235
14834553
3887701
12073045
6749630
9094030
3836764
7102411
15984350
14328215
8582077
13672416
6889197
1884573
4631061
4453406
3379532
9155628
8482964
8997845
13313774
11932089
5373384
12781851
13129402
14409642
2843771
15592893
1080417
13663127
11363153
5532758
12792824
3054897
15643875
1215039
5461016
14634637
4264029
6772661
11747928
15542316
16287239
2925949
13965369
581235
11022435
14822002
12831313
863189
11343700
612021
15516286
13468189
16170003
6368712
866625
3967207
1214645
4830147
12731408
10705768
15440273
16499600
14536593
7372583
4173809
13892768
10254043
439384
11407693
1395905
775644
8372747
16611974
9852534
10233294
5648441
2150572
13399334
4706627
6695749
777763
16629097
8551155
7893845
12980591
6644004
7178398
3135826
4132673
1907631
8754116
12597019
2361866
6388199
13809079
3183590
1350385
16460825
5053879
11404376
1738946
6570983
13367099
13585251
8525404
16512411
14200413
8781912
11045086
1559305
4587912
14185491
3562520
2114817
9178122
14572941
13414066
14466882
8791558
15522158
8963265
16027995
7654767
13898658
14410969
3169309
6165056
8474911
7433726
11874126
13539347
10978940
774753
6333683
6365528
7762174
13400171
2727638
15062808
4568873
1412918
4349766
7062545
4724437
1190521
9967262
9700655
5406004
3791261
9929725
5201173
8072193
6888408
10303369
3839549
1514078
13180172
8429564
6977700
15899357
12186221
12585606
6827641
14302770
9623583
1035232
16023632
10020617
14798684
1446474
5187229
1786487
5463303
1344061
15398150
12338525
11489352
10506770
13000167
2886905
3704111
12233544
14340856
9006024
13368892
2929155
16125053
15177379
2473583
16167989
5704871
13868233
14231891
5185858
9677316
3447656
1562005
14710836
6882220
10137028
6784434
14761323
5115368
1993211
9244554
2170980
4034420
9302774
6185941
13246071
3911739
14364102
5013483
3338132
1473435
1382202
11539390
16526769
16409487
12935467
2759000
13971000
13594889
5108062
13690904
14984669
14025158
15948164
13611334
3676768
7599751
12739655
9266129
15303200
6182713
3674579
9969318
8707870
11968248
9781917
5661248
9779406
15079718
10583227
10008619
6694438
15963349
3476030
16613207
501436
13166031
16038298
2016372
8181265
13401133
14358314
3058428
12519207
7810621
15436895
8514544
7601941
9379262
6138170
8759307
8043480
5536514
6974211
3959230
5429146
9140072
312128
9649422
12451995
12631806
6772524
10589795
13105527
11577235
11372010
3281461
1076388
15096961
8883698
7828624
14798921
2536138
10302473
14589353
3234814
10887862
2153287
14820821
2054312
1530907
13928849
15996077
11010732
8706770
10686959
13408893
2879404
10236548
5077496
5250479
14025345
9502182
4902045
16674165
11731339
7835398
11847232
4060359
4711519
16440764
1847320
9284200
7792057
4819091
16393825
16112059
9030895
9825471
5433844
4078088
10167912
2677886
4652362
15660042
13184120
8053318
9837271
10476964
9425071
11432862
11319877
10641166
9830620
15219250
5193404
8978680
1391186
1476043
7284201
4048327
12552309
12255320
15628614
6829681
16247151
9201381
2745436
13163341
16579535
16316818
16445322
12840889
15661562
12698127
750118
16323206
1117174
11996652
2165843
